Workaholic,Compactos,Familiares,Intrépidos,Automotivos
4.957397239814647,-0.6307779983376958,0.2539740827319096,4.53413095544593,0.478757703017652
-0.4252922607135865,-4.577307480508503,-2.682572589592723,-2.6229228415214476,-0.5042257724114756
-4.202236530702831,5.998359023889392,2.464559682092159,1.5478230082645892,-2.4120249153242797
4.889947546728526,-0.9268106187753274,-0.7618462949972092,-3.5820505303272463,3.5175221748655914
0.11949348295531663,5.548780351193401,-1.0229774098295614,0.06587560434576732,-0.8373442545175415
-3.4072568727460375,8.458972774130455,-3.3836937131969167,-1.64058024260003,-1.3350413259288514
-3.9484739396772777,-4.485652017057411,2.785746680660497,-0.14490489401202425,-0.10556581867619513
4.291507588366697,-1.2717008550812905,2.100313332797196,-2.6631297638191307,0.5256160367071837
-3.821888233191103,4.406677470509772,-0.1542790168035759,1.1723113027977685,1.0735831130959868
8.111901221653264,1.8685486717568025,-1.8602298313954333,-1.1174943345711368,-0.5912352056893204
5.158070714782011,-2.375677132509252,2.589154367252793,-3.2813393244472318,0.2719727350823222
-2.1732137302586745,4.272406817456289,0.14682235654307096,1.2351127936209043,2.220477140114468
3.0181445892935894,4.325860855973502,2.5456265797520867,-1.421440011813384,0.04160118413830446
-1.953195816390383,3.518619496721067,-0.21072600237083072,-1.444720544261151,-1.0439468420543003
-6.214216688112048,-5.447105442378097,1.309892458349418,-0.01854747610592567,-0.12353553912392422
-3.663420284535103,-4.642440888757223,4.12443270409597,-2.7653463879070124,-2.5566580727737924
-4.100239784020511,-4.957695395912073,-5.53808586479887,-2.71190502633642,2.028550535050897
-1.9892854375801239,-3.733348319313472,-0.562435333352265,4.863928620768488,1.1018207082271372
1.9121175018742158,-0.5029053874801648,-1.333859078754693,2.205920055476882,-3.616265064468675
2.5727493516753173,0.21253914676189978,-1.853033491971509,-0.007329231379794293,-2.157435894104232
8.83112095045543,-1.1504403243543522,-2.6760688010209615,-2.5575226491393197,-1.1870083300594672
4.366688776646439,2.1667976759942826,2.7790323972657767,-0.6509520201799635,-2.2715256483376898
-6.647185361763597,-6.0936609398933115,-0.8452867946395627,0.040086701320702176,-1.1908993445938767
-1.6810670453704224,1.5881917361704443,-2.998980417976923,-0.9773356890637183,-3.663550429850458
1.5671884918843741,2.4544388062185085,2.597785021048219,1.5841697174097833,-0.8289308908355068
-7.046913259559338,5.9572752377948115,2.3479784964667756,-0.3116902946160609,3.405195074962815
3.095307103880527,-2.053863399634742,2.987348473451775,2.0018749402654987,2.718763823015481
-9.115964215565448,-0.8199169575532871,0.462896853184112,1.8639956528197437,-0.367848357635387
-2.4712607567966614,3.9635054589550363,5.351834371477934,1.258290579112045,-3.749325962988464
-3.728748871434348,3.1622798407853443,0.9329769171607839,1.456537619561172,-3.8787506384545827
5.182742179617958,1.0662183338138214,-1.855323068469877,3.6131325741430267,0.03247417057531717
-5.378165052665231,4.270494917496102,0.07793232554753589,-0.9297023238950387,1.2920798881877096
3.495054979327792,-1.0061759744788976,-5.306960937470563,3.608002333231076,1.2088322797726174
-2.589054447613029,3.701992126835943,4.42672130108064,-3.2055511562699515,3.4039091086130897
-5.324419584857324,1.5208925396058617,1.4768338418835196,0.19765119458489852,-2.005234588871637
-5.654333343464301,3.2387465066319803,1.5520082759264378,2.0622361698522136,0.13427006694887716
-1.3438368406197998,4.925934764009431,-1.456052294017873,-0.8851472144582399,-0.991979986574438
-0.8279107717924036,-4.1872103553991495,-1.343087362112969,-0.592607237198973,-0.23934553893270533
-3.8708365640545974,3.7631913000178274,-1.2246722053127759,2.7081595944720673,0.17247172571590808
-1.9421910028230553,5.760878929127128,-0.48150748775174634,-4.704917465961105,1.1679096458800498
-3.988626528877003,-2.441449870121213,0.3455474231839532,-4.093133607933393,0.37634194818834793
3.7512891109605433,3.054278133430713,2.8165076448191892,4.459095192363015,-0.7430191185454919
4.6465646964316365,-2.465216809876062,1.509547631727041,3.398462257342291,-1.5769748307864475
4.075199592110566,-0.5000117421277727,-0.3278948261248848,-0.7483680835548809,-2.0265228749371897
3.086243200943078,2.8021309144500854,4.805520316503607,1.4613716768532043,0.729705502086688
-4.5937357616224554,-4.437910005536835,1.4059150854226932,-0.3022750576872956,0.31200290794657537
4.521555453348419,-1.7926700671280589,6.688949934662813,1.397657881584776,2.162641338001954
-1.02934562934805,2.5766733024690263,4.779389334709639,6.999990262549824,0.6044130605191502
-1.8884237591983286,3.030986254136063,-0.06807468674133749,2.6869695515112983,-0.22048500383097863
4.583308686965782,-0.5929737229247263,-1.478801696769005,0.13251665224237102,0.5031901185066368
-3.2521381072052518,3.481376658966698,1.8523353484367344,1.5546053084319287,3.1136163368181187
-2.5262528666048722,4.558454533771132,2.7718432401416426,5.105162689996977,0.39657379776501095
4.0191546894866415,-2.048715170905876,2.8124778327026143,0.08652416478839903,-2.242743338849866
-0.9001924442523669,4.3870603735392555,-3.7054097219872655,-2.126373223351705,-1.9204396948772355
4.722212823284716,-0.4558802232809301,1.3055353176498374,-1.5707847567223896,-0.6242696038805546
-0.9532466079934688,2.418321764104243,1.2343982678592875,3.1417345335557343,-2.5399994594946746
5.667661895934053,-1.5154824659649389,0.38332458931572144,2.05275567624484,5.445339137160631
-6.521692476289353,3.6115056462698965,1.467700637495841,0.6675106593814362,-1.992735259734843
-2.9177219476365304,-3.726394131194425,2.1439683227087665,5.093275205818649,0.9723641522096884
1.2384530932927085,0.10656157862358724,3.189412192527876,2.74101582306285,-1.7459846789476532
-3.3121382037705365,3.2503440230198617,-2.919180890717518,-5.2064435539738865,1.813304833031228
3.0426069615357307,1.4417761354007839,5.551033537988782,-4.225867661339625,-0.1318588222513787
5.978745986618233,-0.4726445692134496,0.0011019793041243085,0.859648125584026,2.748292563754734
8.997045793827365,1.7963321965052839,-1.6508807708145359,-3.20565694817598,-2.862364704231902
-1.8812601198559635,-2.837358823339516,-1.050452502825599,-1.8310672030331199,-2.127488707676428
6.218241732565961,-0.647424392347805,2.981731656520616,-0.4679631218886954,-0.22490658665169513
1.8528160234282793,0.5735867661799844,4.531855549283308,-3.0021958851299617,-5.827076715822874
-2.2200610437705004,-2.2946343033178183,-0.3274621839304864,-2.1614687615547283,-1.2828763868296351
2.691953626124775,-5.236035488974381,-3.106925276713802,-4.315292255006109,3.078928959608007
-2.161276539818796,3.3433524640318373,-1.4941315852089707,-3.2452329645356204,-0.24811968504567564
-8.585602743547788,-5.234992856885888,-1.654807467389127,-2.510473219695177,-3.108447475957426
9.523696346573708,-1.184929814980727,-0.9861830158653732,3.4960471516567067,2.561407232627003
3.5154731641182244,-0.40631241812737223,-0.6150051003384648,-0.7277377552877561,-0.663453390656056
-2.696501684534739,1.9740114560026472,-2.3194051322762603,-1.0690016622671092,1.9998988970313842
-1.7092710158329254,2.6399388881154477,-4.319789567598435,-0.39332124400952445,1.4996332500639162
1.1991672118792185,0.6195688469298003,0.2928714942131356,-0.8503088720035504,-1.9306585151370164
3.5762072622584564,-1.3101834285686689,2.7629785841087506,-3.9038716235804225,-1.1488840525954602
-2.4501917330978262,3.387010858517389,-0.6512265305382944,-2.6381695999408,-0.03310738108550564
7.562865304037794,3.3290055519113735,-1.6068504841408984,0.8448610128667668,3.4719920202461787
-2.492351866549716,-1.949526079504113,0.3904206565840766,1.3258885869247021,-0.9536874692546344
-4.036117046884556,3.889518056529381,1.7648786866855912,-1.1188861038168474,2.512492374409576
6.0103570514570395,0.0697652130234317,2.747169838145981,-3.341872394884921,-3.3270853959744433
3.7780572555603444,0.5324798044722445,1.6755252349700118,-2.2634873759748513,3.5173134789914875
6.777173285136179,3.8404407726456458,2.6671373234047255,3.4664990806064475,-2.249553543876962
-3.1865014031187195,2.485214638048445,1.149432938860915,0.44241168394401054,-0.6527131606714364
4.748980420298987,3.6968765925694953,-1.3764213641469665,1.2964365457327047,0.4016785105799242
7.435907397924748,-0.11755830766519618,0.7682335839630698,2.286115660815976,-0.008649554171975363
-4.386154647000604,4.5352712884856965,0.7942504694961177,-1.2938569290310056,-1.2826402613387247
1.7913658484223338,1.772525840376177,3.34774646198713,3.5550911635868245,-2.1191746795482587
4.971333681883955,1.8564423145671947,0.366291879444639,2.2149372126166313,-2.251840810237338
-5.965991587977525,3.020023520136456,-1.0955405882666516,3.0184547744827595,-1.5104221213443862
-1.4533910000597574,-3.0169679585813762,-0.4944221647321611,3.585375175288403,0.592552741637351
3.90647691303549,-0.28266053723140616,-1.4573181511232378,3.4580215469670703,-2.911008459415338
-2.618443202124796,-5.378871583469943,2.59500060498594,-2.5272605188773403,-0.41867148406304855
3.462193548019813,2.917319843520409,-5.398032541971992,-0.046128252652220224,1.4908036797178734
-5.120706820803885,3.0055182453081803,-5.189822861537273,-1.5931590887675284,1.0693922055248897
-2.236944892711364,3.7306214177210317,-1.2553439542297198,-2.57235474262717,1.79992886360925
6.881706633174067,1.2014659071209206,-0.828893527189659,-2.4341218973056313,-0.9177824742777445
3.042378078366223,-1.3327245866323696,0.9195170401027623,-1.0005101846263111,0.6197535451129114
5.89412627642379,0.1883947328806119,-2.4173336262409975,-0.19340344854853067,2.6018366121426477
4.595793881733275,1.3770398480139108,-1.5837324485091007,-1.0592157197683019,-1.7623651784987453
-4.02430704134289,4.716247034871184,-0.20011417689239586,1.334438764134831,-1.351061712591434
6.326209365161075,0.46241000865577486,-0.7535789955058054,0.5059095546773186,2.030629548071112
6.027850658128187,-0.26048070249371796,2.1001959383600455,2.312629234813604,1.524065332106482
4.462724084040311,0.8457215603365551,-0.6954705426103084,-0.6339439634610341,1.79779250284476
-1.6379134216146243,-4.777652255705595,-1.3291985019867985,1.8569247588572522,0.2656251156530673
2.5713650439248283,2.4633701552164613,1.813727127765551,2.8745924256281103,-3.049945374526668
-2.501263453436192,-4.6106580671669555,1.3912779245566207,1.42922331764842,-1.0702000122116178
-4.642965165603537,2.9190855023999163,-1.1673578779431042,0.9903133628365302,-1.1784697509868263
-2.6050659327833,4.273992392998445,2.426036701222962,1.0246579835975806,1.2675663836337385
-4.0775809015822,-3.4595211370494274,3.631433268706031,0.4456622597879736,-0.7753969654532854
-5.097992883104847,-4.654928653176694,4.462880105837569,-0.7704034853418088,0.5647582780836278
7.9576337331653475,-0.6177111666543099,1.5599441470481201,-1.1929123322995618,1.8394509633993115
-1.6833074113119524,-3.567842026867141,-3.4030215858096455,-0.6165101029359795,0.6079684576126372
4.125274673430794,1.028196077095153,1.1583280817108774,-4.31577513636183,-3.376758587727361
1.2697597894538764,-1.4667688023662449,-0.046414665568134665,-0.035338382720835074,0.5667832766474565
-5.507098274684846,-0.03954424932809885,-2.1518157031765166,1.1939724470232806,-1.6887157060770477
4.652084737846417,-2.997624078814213,-3.40559981461412,4.5452784922653455,-1.1655876180624445
3.229662962299777,-0.8171541045717755,1.326394078332356,1.5233580336240886,-0.6145571859019837
6.850697075333693,-0.71687857098769,-1.6723714312923912,5.901724143644971,-0.7604437715810783
0.1806852296805319,4.438312843978108,0.7854536436530573,3.1791740027628683,0.4603568991825729
6.541227061537905,0.5719262366299139,-1.0770783011566998,-0.7368449373618222,1.862959735391784
-1.759407640312778,-3.155122752507294,2.8696085768701414,5.058082004250248,-1.0812400056076459
-0.29005911776387333,3.4128582914183703,-3.4407955911466033,1.332822306109133,0.1779413880304251
2.481234416792558,-1.9161059683431498,-1.3573561310522724,-4.584713467795045,1.8214699510439443
2.3128835340174327,-2.7130693556621472,-1.0198933548150464,-0.12179227302235779,-1.1755028646424184
4.279200959871353,0.42233433447936347,-3.0114793350216247,0.32994355101422057,1.229363713402866
3.7968020143091117,-0.40205372320545973,-0.7132336798702918,-0.4412462551718396,-1.0924174299584337
-6.115035101287501,-4.503986204930359,-2.340676649701182,0.5089781757444154,-2.0792715624514857
5.308533943427915,-1.9869266991818924,0.573369554595855,0.7311309436346134,-0.9918310192536499
-1.7000949979897906,2.6555514269079503,-0.0472366815280924,-0.9107328401430385,-1.941423162134718
-2.984738629813982,1.468356616740492,0.7203109640066154,-1.683032444498121,-0.02806000112095699
-2.2548404163960787,4.304800481223436,2.89091796393218,0.14321188883517577,0.8922358499615894
4.422528380172831,-0.6781815257778506,0.5567563676951376,0.28671289325211413,4.011916641216537
2.9828344960730195,-1.1860367518565094,-4.211605407962547,3.522892208790552,4.026954721421963
-3.154674949609271,3.542900292337335,-6.202245258821512,-0.09929646025672834,-0.8725104301220775
-3.322094889685913,2.2542831765870033,-5.453598835286629,2.074593644891169,6.076177786836305
-2.410491591528249,1.245066667079657,-0.9675968983649452,-1.1234164727245362,3.897920090942869
-1.6904278878270955,-4.470311716560574,0.35788713886559825,-3.1284498053364946,-3.3309016527917574
-3.445326279096818,-3.9711630711968384,-1.749819172513717,0.2577013543596772,1.2349355444947872
-0.7918788860129922,-6.099887159571007,-0.39285018008482187,-0.24767978815021977,-0.6620298863204805
-5.654148230247385,6.232438151566825,-2.7157583471156506,-2.9649781838300044,-0.6726114282542498
5.7751546834091485,-3.0227882450548487,-0.5248617988955593,0.05696211123654576,0.6303904237568964
4.152644766344181,-0.22096265904661294,0.648972244434348,-1.5236081684994738,2.770265139073981
-2.374996086702661,-1.6103765488998063,-1.5435310020625308,-4.566945732074393,-1.6387385432861121
5.653985924951293,-0.6184233655912942,6.8682465967703035,-2.3563025534722404,3.341104530235053
-5.660556850663397,-1.927395190873457,2.777536737374278,0.24373482354838996,-1.788887922538893
-4.8695034554134615,-2.3691216915982523,3.672363559554442,-3.5639007090078003,-1.3318671663179826
1.8328757550860697,-0.4500457932345028,2.752705758869965,-2.182100018880828,2.920056216413745
1.8779664285578406,-0.5554484195753542,-2.128823079448938,-0.224631919657952,-0.290086921379578
-3.215755204424122,0.008707356567110231,-2.8555215387404345,0.9174957876571737,-0.020272083118368124
6.3354985797733825,-1.4331588926556744,-1.6669303350572922,-1.5186328273314014,-3.597211810620012
-1.4079030882001051,-3.7667469266987967,1.438843238200969,3.336396610458686,2.2313716735286935
-2.7404763847983835,-1.813832452567917,-1.2137376583746258,0.2251862023514609,3.2102969552748624
0.3797503629431274,4.469606419497108,-0.5608574650086156,-2.8267708239768408,0.20667012766606033
4.032787243761883,-1.9570058740368235,2.3932768104622193,-4.059364226924029,0.667605030298609
-5.597939420015937,-5.854235874190988,3.8139705734228158,1.875499414944573,3.5858851447321665
5.470647711199599,-0.43910443799632765,-2.196498669092048,0.6775451158186627,-2.9117656300467405
-0.8598687471970878,3.6310417063621223,-1.7508189452127239,0.6338313239042646,3.360268210749897
-2.647207695737286,-0.21766541258465236,0.7079777910610752,1.6648123862532782,3.9842035525993995
-2.106824549358829,-5.336044637921806,-0.18258798633501447,1.7061577900772074,0.37597126970323075
0.036636334992869675,1.4499764123122425,-4.88327848356858,1.22891056941038,-1.3702393259048105
-3.0056166006149234,-5.0913954083384665,-5.600768005463611,0.028079744504296587,-0.8891955980907046
6.067851592212231,1.0638985590269547,0.8691172281148364,4.042689784933567,-1.9435326708143634
-3.923164551717824,-0.22790455183169775,0.7225409563396172,0.8590800195058335,-2.1237132270868435
7.393723722941285,0.4103623456670663,-0.6233792033842506,-3.252786455130026,-0.04677397048491766
-3.685393172472919,4.5050846687292845,-2.7674340845818874,-1.701312422998588,0.22581453072847182
-1.3762445587660965,2.561209008581929,-3.9270106919407533,1.4219372721700612,0.17616988302861147
3.476927247347258,3.019994371709728,1.9903514497067893,-0.09515379455887561,-0.23179153466902255
-2.116114572918798,5.498821317519769,0.8545844240045136,0.14502015873434412,3.5296208573782324
-3.882389197991618,-0.969523896311263,-3.685566001924128,-4.0429088439900465,2.677320896607036
3.515181141453136,1.4547776356094997,2.7844430581533746,-1.1598829105208448,-1.5297036779502857
5.027643293820071,0.8540728629088412,2.497036994550145,0.023356962465855752,0.09782519831227895
-0.8282380279843411,-3.826946041007709,3.019724775867245,1.0474362719364947,0.49825380954802545
-1.7166627359610647,3.1335677356861753,4.981817645261679,0.231653967317775,-0.03470648549161718
-3.1420437289836833,-5.567469178063875,-2.481072378761461,-0.4320592371959069,-1.923390825670255
-2.820975717807847,5.589700133490568,-0.1131552398607814,-1.7494525853576266,-1.1700986228400383
-3.3786782973969016,-2.8462227837416947,2.9547878390795383,5.75271504769128,-1.551563260121095
-4.805457953073024,-1.7238792617966705,2.235603949626636,-1.9465367437378047,1.120847102785956
-4.271753620471007,7.631181696287562,0.7826477601996052,-2.3438042601161357,0.45007552581904664
-0.9702099239872022,0.9305426279099597,1.7765131781964756,1.054618220029653,-0.6483441430845015
10.329050089847243,1.4763764177944598,-0.7715970935920382,-2.733299305108138,-1.6834390641976815
-0.021661287001620656,-4.2227122724799955,-1.501608863089341,-0.0013096841490400368,0.4216332516264323
-0.4646141325984383,2.817008796005906,-4.325119360154729,-1.5441166131592698,-0.7191962424824807
-3.3399221578497387,-5.703458402596918,1.168230643752136,1.236562206701197,-1.7906766729497439
2.1235456535180126,-1.6301806385507298,-2.0084804414867583,-0.6156425377976038,-5.079030528094793
-2.0853651258174026,4.950969956262886,-3.318904891334937,-1.0416618696773667,-1.3359621905397356
8.645084608809597,-0.8600415139319625,0.27387216657553504,-0.4003549600958748,-1.2179309603808932
8.43439607121179,-1.8674921062300258,-2.915883821796243,2.531067643925901,-2.278183406331494
-5.56016476641009,4.413645105213743,-2.153289933254315,4.5221344435992386,0.35436590426583525
-2.199289683496712,-5.528856140820387,-1.6574833740201913,-1.7933311462802208,-1.7692631577244133
-0.057655591874492484,3.682217738254897,-3.1231460395709596,4.99563723742142,0.32422215118453523
3.9911959199281073,2.608195572205097,5.612267469411125,0.47108985190667363,-2.479736725708398
3.648247010430002,1.9592890355669035,-0.35306383134734404,-4.250510794521659,-0.2829057005062158
-3.0322121150163404,-4.789337990670152,1.5372055614181972,3.816531208238781,1.4753884508457293
5.209711590727935,0.5965972816891504,-1.5786321857482168,-1.452147527935037,0.9070074746334755
5.389868576640168,-0.8847111152021098,0.8692297828811072,-0.36244212859770425,-0.04433303180444581
-2.1760257692530502,-6.04428193176944,-2.332760454356203,-3.438989205991927,3.156586417376152
-5.655735572961591,-2.5081997554516398,1.962474269596484,-0.9298287602068939,-0.9321260133543752
-1.9877207529560847,3.676481835339248,-2.5346395700511444,-1.122350862715243,-4.31221918454433
-3.71394009269247,-4.337695953486149,-3.238965042397955,1.1250298032908368,-0.0011647337749151924
5.849292920452991,-0.2440532634423905,-4.337226575657682,1.3964372758322532,-4.096512711779332
-3.3509540159310114,4.809071372200577,2.501319338730144,2.280938325037039,0.9929698450885645
6.02673928898894,-0.7793132989231938,1.6956728172538882,0.3296755923105536,1.0303348528661296
-6.654051948230677,4.641078375357102,-0.4546404830406345,-4.128850909382638,1.3773068128013684
-5.529480525508885,4.1145129983100786,3.0069822979041003,-6.337748999686754,-0.6287465276826898
4.5602346493145935,0.43300982532902116,3.733575007886766,-2.732688436245886,1.8264298276924231
-3.496247136363389,2.943961993183318,-3.733446539664425,0.08114665977720638,4.144680320814722
7.2122029963549705,-1.3142742967381402,-3.1688053825883444,-4.419335643923152,1.381524299327381
3.127940041060175,-1.9546928689014924,0.16277440730160864,0.7484997458522888,4.949106176165014
-2.26687259572174,4.900294199828191,1.3273596173291693,1.5319467872058012,1.1339002545515466
-1.7682602440725377,-3.8870448131004913,-4.217004830691396,-1.6111277454741637,-1.4355468053942528
9.208879031078169,-0.8181677107662796,1.2434117844804373,1.436847656621134,0.9916256533800458
-1.9176570412341705,4.15767984544743,-5.261732999295719,-0.5291602247497856,-1.1088067359733533
-2.2854543150515654,0.8063966916163341,-2.195930952508442,-1.9137485332651503,3.0806745752150424
4.108645853112839,-1.7967913723395665,0.1269119719350628,-1.7910140197860371,0.09727631342622595
-2.9877821331916765,4.822592090495441,0.6041827280181005,2.0542790503385318,6.326874080171455
-2.0035376031133345,-4.07829465351821,0.7318912998728571,-6.217828513844731,3.397383780625727
3.215708836304547,0.9948485303259885,6.569128228526547,-2.8248547215617634,3.6013613213204723
-3.6893265663348296,3.8530102825765464,0.39314224959731786,-0.759558534550272,-0.2034801374365365
-1.628694867554637,-5.283462851579294,-1.8496195322501363,0.058536143213028476,3.139027702941819
7.0216337550023225,-0.7808196822982173,-2.9920222143356896,-2.28765664611754,1.2678106940187894
-2.6665888895381755,2.7622811505689278,-2.831703821333182,-1.2491550535911575,1.2301554351993382
5.3628401994963495,-0.9600682056546466,0.5423771101717558,0.5894376054174917,-0.495783958095523
-4.858246852904714,3.806518539201826,-3.4671678273774327,1.0567280968282438,2.5740763659164188
5.376187682400351,1.9291081643175079,0.8271524885665043,-1.848833679919947,1.8716943914953663
-5.333386767654295,-2.3449900665974583,3.3839151726038668,0.2449652750615234,-1.0505552105614642
4.15420323655872,1.065496583736604,-1.046304294711912,-5.289515788310683,-4.705946578368982
-2.8461015819295685,-6.100289553265094,-2.407995879746534,-0.6620699124806027,-0.9574579130938142
6.212330088615969,0.8369815522474878,-4.997717250912905,-0.48614050205021647,1.0696727836128643
4.341971491655081,-1.2174932195889483,-3.4474580021786156,0.7412744728267,-1.681013901542378
-4.5749654750219815,1.9303019223603586,-0.9761061264686491,1.8179827570776934,-2.804279060271795
0.4153868279275443,4.356647572908124,-3.3805848262272633,0.9278633394610072,-1.2756846787431793
-1.121157584267141,2.9510859412166206,2.399883758242074,0.8391882804354044,1.9872180288015744
-3.196713826570205,3.2845431656438997,0.8888591842699247,0.49497597412503624,0.3293545908722012
0.6541589922132603,4.546642278899144,-0.44804087952174226,0.5990491813038085,-0.8153755461407374
-4.853215203949207,3.4319668306185007,0.4074711152352323,7.338858193845787,0.8385698008537553
-2.2381119965596405,-3.763697859057831,-2.1174936466977625,-1.044965375400869,2.5620179405508012
3.833193611343394,1.1289392034820591,1.258595883406477,0.1654505713911,-4.152881676488464
-2.9338748977905884,-3.601831966443631,-1.424098377136951,-0.8705220395806482,-0.12531303142455555
4.796905206810824,-3.804110788087372,-1.8945984488191678,0.9479773615897166,-0.6061830382199845
-6.409160517884268,-4.794159759516983,2.2707864454976088,0.22722816589844524,0.39630682965431824
-4.1701672891853665,-3.608610280146305,1.119473671063402,0.017814037524147563,2.4398808109944716
5.572730703029056,2.15962985757097,0.5525854550783014,-3.4452010886388855,-0.008893084894366294
-3.654423394428724,6.341133701342053,4.667506580384417,-0.29056203666274555,2.5676038885180508
3.791140430945431,0.031208230572116746,-0.6288988615283884,0.253386417920034,-1.4121518602638976
3.2162055861499708,-1.5972402442438611,1.6327679544076354,3.1354677799396122,4.307024309911694
-1.6585556792638927,6.5678725933304625,0.7059076749421763,-3.8668422062448404,1.5484313492381754
4.37023397935193,-0.8841447883231253,2.740357297610525,-0.5425978403089259,-0.6566024623507098
6.783286698070409,0.7402672656008541,0.8120612558097801,2.286385278801172,-3.7892921413893887
-2.133376278240413,6.486449451966355,1.3137419094753644,3.237150163134023,1.5681598758156208
5.5527405417602065,-0.5739958711576241,-3.5491748106044145,1.1619859604697202,-0.7877751653346572
-2.117486032942476,-3.2638962983755304,-1.1415647440849905,-3.1079081229961045,1.419312837000573
-4.597827294444683,-5.597038326026325,0.24282469242082824,-2.337057683060389,1.7535885903398027
-1.712609112882194,-6.660988946724361,3.912413874522512,-0.18471609766348646,0.7866721079114363
3.269522847428432,0.34678746099815544,-0.67827651736533,-4.25594327703353,1.7508888269982001
-6.249201483428089,2.7810686311427153,1.841667382085979,0.47679141363282923,-1.8853523309569784
8.032189619059238,-2.4962075398405057,-2.2856907099785526,5.285942046530223,2.832443932939874
3.726227195142635,2.2249719468915434,-0.29034852993711496,4.491240616635821,1.6063919919167975
-1.346432379980168,-2.7261902236516313,-5.636621652918551,2.283530364635987,-2.137841064065269
-5.120884502297395,2.470011729953356,-2.3019755744471126,-1.8976613463763374,-0.5176153012211361
-2.7516153492316247,4.96759709317114,0.3889457564385518,4.164929212678794,0.18476216854076322
-2.887222911729178,2.991590307688876,3.355194320641183,0.38521522549929965,-1.8799623753464096
6.078494287476742,-4.059428348892097,-0.007303376629960116,1.5425675386127349,3.036680797431186
-5.170774052625767,6.228708660796706,-1.0524599222784852,-2.5104737380039275,0.9052157246360958
-6.2601749693849245,-4.522654080199737,1.8783324755327753,-2.374616531692311,-2.2745911003122132
6.118138254113148,-0.021765574710296436,0.9726352428408815,-0.8826184138144951,-1.0221272386331777
8.196971705324453,1.975858659536487,-4.701366147997476,0.8462037066748912,3.519679994623438
-7.726980649235156,-3.46286227660128,3.2995954366289113,-0.7537633335692032,2.133293228426626
3.492365693655995,2.678386379067467,0.4189270913827472,-1.1343172017206546,-0.5270766134588238
-1.8929228040178923,2.651848670946089,-2.8248681108451583,0.37302374942462874,-1.5542383794069217
-0.5755624766409824,2.2492214806603275,1.6700945513628203,5.158247923548928,-1.343159951870575
-1.6025479891014311,2.904415902634253,-5.509809751403026,-1.9792826418250453,-1.6073294935135285
3.117526137823949,-2.420577989982055,2.1071978523821544,0.8183765799677992,-0.22974162349812524
-3.3252075252272406,-5.938532517971773,-1.7834485135840004,3.0638392192862125,-0.9737758596223263
-6.296002214629561,5.2870459019731255,-0.37042667831869647,0.463129676088843,-1.0796353236607388
-3.9818446345654404,-3.5055066310747405,-1.716491298455416,1.099445880354014,0.41490238890992137
-0.8544730593900886,-0.7714173958248027,-3.489149968884263,4.448241466576181,-3.3952496450041854
1.3417980179599687,-2.9333919316683574,-2.8794663781032166,-1.220727332116598,-4.041755071075467
-2.3041929393534346,-5.584962943716644,0.5124441912974528,3.9562728075963944,-1.1008302115387083
-0.7220738712217528,4.764404877572582,0.8497983100849462,2.3190489196043846,0.0722300880134853
3.891628349916936,-1.4504559604033211,-0.7825198767047331,-1.7874642732462196,1.2711134061626768
-5.572816496047924,-6.077932957070839,-3.4397572506519847,-0.6553652903367928,-0.43345500869635767
-7.849624916470349,-3.0714164428220716,0.5730172948058262,-7.182740075090095,-1.4052140855101383
-2.2874466219676655,3.682613106827751,1.3384191999234485,-2.139004261604593,2.4127363090148983
3.30927663786607,-0.5147342905791131,1.1601345382603871,-1.4408403059833481,-2.352486997441614
5.321338235301248,-0.1489065532758361,-0.41114942037801605,-2.178970496911589,-2.2922317232996483
-2.6757094563489097,2.9394674535645535,-1.9852062433724935,0.4933540323931382,-0.15761609456337053
-5.382308869665541,-3.436575669303105,0.17667565219452264,3.657223430753727,2.036771744342521
5.5943543198549,-3.9765658023836714,2.130674429803481,-1.3621790079613103,2.2018086338309915
-6.31860542079175,-4.98584187936699,1.3855649479495704,3.734238705745421,3.0928029390335987
3.5930799448703206,1.6935554191938589,-1.3619913535611923,-1.7617615119031849,-0.8373754345860829
4.219568526585433,-0.671243289406769,-1.515740137038405,1.7190207581832542,1.949434067976363
-2.072961445579097,-5.633256343742074,-2.0459531232132497,-0.03937124718978618,-4.858318037361972
-3.3151211167250163,-3.701636603109443,-1.200200745715154,-3.6317920999944846,0.5513248321391832
4.001272054564996,-0.5317694640394484,-2.179467275844738,-0.274351261455905,-1.9482350011766714
-2.821112806336672,5.276892263820595,-0.3056542050971993,-2.850914447178428,2.8289127809754513
-4.774175986676175,-4.776420813912525,-0.6494389047371848,1.89023972689985,2.193864633512786
-5.400844784083381,-7.1752765256455175,4.43278124312599,0.1471551306144167,-0.48915409745756655
-3.650978725503382,5.402612584547969,2.8040547892933616,1.5763290568682038,-0.7900924837881859
-4.647881400176834,-3.854207225290487,-2.969904255694061,-1.817456942622727,0.6182668301372937
3.9046473978774774,1.5792744742178246,-2.7290159787870927,-4.672841781917382,-1.968011932508608
-5.357037917298785,2.1518038582097616,-5.736289208989218,3.3235488319888926,-1.4558375922398454
-4.174031640869182,-5.977732203401087,0.3114130092574297,-0.42580986793227443,0.9972548587696531
7.329951655019332,-2.737398509561137,-2.7933722445685696,4.622400834191032,1.7360082566843797
-2.3810274765306643,1.0402290000546572,-1.1136272084083507,-4.095222687788818,-0.08924345712782646
-1.0850023754453446,-3.1205783909845985,-0.19755028165056338,-0.33298041481052143,0.7593920143857792
-3.0911547140604267,-2.6577964958649263,7.071353223306981,0.7397364950551557,2.1506350002750976
-2.42699819150206,5.087744564047446,2.9759556836133183,3.3957180899590518,1.9718076042482455
0.7499182528544777,5.387785514127208,3.4223479876277882,1.9447203764958183,-2.8731660606050595
2.2863175301626337,-0.03816360493141093,-0.6422024842250253,-1.9128143849645731,0.7702621391509348
4.951546203003962,-1.1148788310738238,1.5910586781976528,-0.7047459009898356,-0.2141214188255743
7.670056040192583,-4.574716543334824,-2.7541214823437468,1.4195047140798827,0.1948521834339845
-1.6111087009835001,-2.465458085481287,1.30516911016552,0.39934961743438085,-1.3003110514507816
5.168927190291344,0.3707944117224592,0.8131809698246862,-3.1294083014490623,-1.127743441396483
-0.5241985253911277,-3.698374614625789,-1.7954551774637357,-3.1531245453796926,-0.4092465191162304
3.6967629933911565,-0.14177469374872256,1.4272822995292211,1.2358243903447605,0.8628906499524268
-2.6517680442666824,-5.682812492943834,4.3261768229386055,-1.0543786968543507,-1.725072086902166
-2.6191739133880425,-2.785103439697461,-1.6926931437342685,-0.16325519699395177,0.9668498681458233
-2.5623360538583912,2.0040807185824816,-1.4882201029337072,0.9746493608277352,-2.454370194384448
5.885505096830513,2.3648077447807774,0.7594815022203455,0.0037527298506205902,-2.2856909158997083
-4.076736543025553,-5.396975408110352,-1.7071813394026791,0.08693891497035867,0.16286016932341688
7.651671087461851,0.7070776734760007,0.4302269632756801,1.4838278712433357,-3.9498341532476933
-4.695117989612559,-3.718669868361197,5.586411172527416,-0.9683755041943399,-0.17400960760813092
3.7721679682741653,1.4763603843488573,-4.16751410086485,2.400958508282375,-2.4999036989582657
-3.8662277720392404,-3.2496522607622964,-1.3981815265171575,1.307051968548685,5.256001734027108
6.477263435042289,-1.713012193261761,1.3675282007864964,-0.48888096422475547,-0.9039738529776137
1.2797752968350844,3.5645195942361627,0.4888818931813407,-0.08192301135906856,-2.7106464601033804
4.30754885716163,-3.747062719777998,0.36861013344720434,4.822237150969927,-0.06560559923002694
-7.2276720773102285,-3.106881914486158,6.7566544034555,-3.1632600647154763,-1.7392925311075482
-6.6860374691921205,-4.179557720869294,-1.4141214678352017,-0.10829336864057512,1.6632685881474625
3.527362508186815,-1.4667796156671993,4.409806694564143,-1.9483627661841445,0.5755260718119639
-7.443042552563348,0.540723214055594,1.4921898769169186,1.4557089265954375,0.5567470751025679
-3.0372062483551154,-4.199254080111872,3.7210755173484458,-1.0044955569354581,-2.043146942313476
-5.717865925188081,-3.0389948851536537,1.6434544482936029,3.744185507374942,-1.2273925319244858
-0.9811014396729546,0.29444368551022126,5.462878717756934,-1.665102192023277,-2.0004052005377155
4.624358189592213,0.07123342481837126,-1.0537258713151558,-0.1029230350108392,1.8912205939438824
3.557162573187439,-3.1698339891834046,2.6112303522125564,-3.2544730395569856,-0.9720775145291358
-3.3137161198925202,-1.2801000970614242,-4.545970238205644,-1.0152726506886456,4.069945954933293
4.997226640091168,0.30786504495822,-0.1417578230799133,-1.9209165577031153,3.55925215831788
-1.2850754413355068,-0.5302296030396523,-2.6626979157896886,3.5901368706351033,1.5764143125582888
-4.4640222463093355,1.077468276332709,-4.2915711863254575,1.6727041486197858,-1.1696907378566581
-4.8182730383702905,5.299354105638412,0.5005715373632423,-2.1773567764447668,-2.5229263579232852
-6.570347599001797,5.170777204945427,-0.09200085275630736,-2.8589660292828585,-1.7700323271841163
-4.80456402353439,2.6556792428077216,0.04312636542314704,2.4338442352011453,0.3312525985313829
3.5978456559094907,-2.3656726895038602,-2.904046751845641,4.3702685188176424,2.881576584678948
3.2396175974534254,-0.3188865487321662,-0.40392020467818385,2.7061912370100307,0.7826167744901972
-4.809791096148279,-2.0772141027727735,4.222793776334524,2.9948989899646117,0.9651161453906877
-1.8579178821259605,3.6450878401467914,-2.6598348280505055,-2.0829273427701698,-0.20918016131423595
4.927331858811709,-0.28611345301040697,-0.12735984223618796,0.4645063716796292,0.08422295911291133
-6.220112097238909,-3.623577270632876,2.2552597492907442,0.059370251282701555,0.049769468438065116
5.330953196274072,0.3729630562987952,-1.0762893937035642,5.624506607003268,-1.8550659053184804
-2.2443608382194706,5.421995473342537,-4.335052946495922,-0.1294756475527953,-1.2066006454024534
5.345161986081953,-0.8084726635403113,0.6638144212655698,-0.9253054860888558,1.4569982844910292
-5.072350315832621,7.282888798224174,1.4816239308334866,2.177001377723832,-1.7396495436368329
-0.12020702401555236,-5.188307711130288,2.1144786276683614,2.8672170893512363,-1.4992147774308984
-2.2501348619648303,-5.18834437380732,-3.559286314346296,6.617819475313894,-1.1216044980804358
-3.409311706894447,-2.4211390813551503,3.2092193366822737,-1.649938594573467,-1.884856911807142
-2.7297037014239427,3.3444359777954675,3.754419300089518,-3.278552432676482,2.9339453595705574
-1.9302022743834408,-4.09168367945112,1.3426654843185672,-3.926820428360215,-1.581239227275393
-5.120654489847694,-4.765348474492213,-3.0614492788385697,-2.7814308140082797,1.6031817218348534
-3.429571541736854,-2.268160056539526,0.4273475345825389,0.6450802612138987,-3.1214899136377814
5.694797369553607,0.06187646258063331,3.690513546821123,-2.3562331740064493,0.6124160089664178
-2.883520561074951,-5.148581506727925,-4.6393574408002385,1.887359238917805,0.8806451334455335
0.2538881781455767,-2.348337905572592,3.659865217688384,0.26104082643105647,-2.3926978338261855
1.5054360106307685,-0.3903384550080059,5.272559369761422,-0.039581868566603576,0.038687052173958854
7.239057113161319,-0.5473171377276996,1.1697563032311113,-0.5904455630432791,-0.7527771753116895
-1.0042650986923929,-4.895063099072236,-2.3108883033868137,-0.42007095167480585,0.4208186997422971
-3.4471116863638365,-0.4396143967573318,-3.515511104485721,-4.109464228057324,1.1070931755009525
5.045825969776393,2.2337250284118038,2.2829539486692196,-0.3574985789380048,-0.4577074581735823
-1.2123612455766626,2.674727240297867,2.624661265276264,-1.9356165417178448,2.9882524961246513
-0.033643846158354675,4.3586700771785285,-2.1755220821238117,0.17110306567326278,0.5773370098049693
-3.3687255351734473,-6.743840398673364,-0.8908130200250448,1.395959112133219,-3.423806278016479
-3.495519880244234,-2.1249455308702556,1.4683383576913378,1.6504269018112627,0.9863985141217595
2.616009551361088,-3.4435543516272804,4.019224433302064,-1.7891928567071254,0.3472417732133101
-4.730355876963414,3.0437982181169687,-1.0192651736275564,1.788617134213572,4.532759092280539
0.7171250220581665,-6.171821992023122,2.7785071779524344,-4.546595571930856,4.0003398819982685
5.537158325589517,1.3814132153805185,4.66017141076001,-3.1813690350236756,-1.0109277520639268
-2.7840250508341167,2.9053655298207284,-1.9708617198656457,0.32522093318603895,-0.8045460406809302
-1.0168414817261109,4.4458602986795395,0.7552372927389591,0.303968215261175,-0.09878103194392258
-5.890798061627204,-5.791973974896499,-2.77633864617855,1.267916893216806,0.10695822853684371
-3.887833619606927,5.3907467747806175,-3.1658802417449516,1.589941610090646,-0.1887975115489706
-0.8487815308271714,4.596580319975894,0.5739239899592751,2.2491911769536364,-1.7553276791688917
-3.0828983803228898,-2.2155865610856393,-1.5146950209635759,-1.4383953956485858,-3.081963399480499
-3.4942707830650086,1.5666581023303803,2.237886369238618,-4.137335006551788,-2.7431980582779345
5.964492085369872,-0.43276656730275165,2.4801400474421245,1.6716995792907063,-1.4607562223435584
-5.168456294886804,5.784158030527535,4.0817919774479705,-0.886742660018124,-0.24226266395322968
9.267929414547138,-0.16931827207170067,1.6807440842615413,-0.21856476706181865,3.352991126237318
-2.5245098104747608,3.073752246508543,-4.262583261701926,-3.914782495407064,0.2727865002160545
7.423034332712179,-2.122543741587214,-0.45816195827346246,-1.4925747221544128,1.9918923253010175
-2.4412352923367653,4.447565235450953,-0.8917882377380483,-0.2863359722638609,-0.6509241556154586
2.8774369693546316,1.2193117739446924,4.992584807819112,5.201260779359017,-1.2409533671460165
-3.8047913455034292,-3.5220841162053533,-0.06803594197879859,2.1711317009372832,-3.988114140800271
-2.0669730026827726,2.671533410204925,3.0483822611713713,3.527261474206714,2.9019679375491148
-5.684413893208684,4.951450448243937,1.1667326989379665,1.512157815624132,2.340983407960293
4.746122797591603,1.3987473713069525,-0.8435497287027574,-1.7611024751102464,2.2104874591145935
8.465042374486163,1.163888014184093,-5.78468719767051,-2.199028937375322,-0.9334883491973818
-6.411567901629944,-4.478225629742623,-6.65552510265502,-0.29161378801079774,-1.6247268240292743
-3.572704992662617,-5.529233500540996,0.252674823028374,2.6116785872884796,-1.0436280069891377
4.05034892312933,2.4597758851572076,3.7587815705626464,-0.49039214819316307,0.7426831452322002
